solid patch_1_0
 facet normal 0.0 0.0 1.0
  outer loop
   vertex 0.0 1.0000000036274937e-18 0.005
   vertex -0.0105 1.0000000036274937e-18 0.005
   vertex -0.010490006446838378 -0.000458003580570221 0.005
  endloop
 endfacet
 facet normal 0.0 0.0 1.0
  outer loop
   vertex 0.0 1.0000000036274937e-18 0.005
   vertex -0.010490006446838378 -0.000458003580570221 0.005
   vertex -0.010460043907165527 -0.0009151353240013123 0.005
  endloop
 endfacet
 facet normal 0.0 0.0 1.0
  outer loop
   vertex 0.0 1.0000000036274937e-18 0.005
   vertex -0.010460043907165527 -0.0009151353240013123 0.005
   vertex -0.010410171508789062 -0.0013705250024795533 0.005
  endloop
 endfacet
 facet normal 0.0 0.0 1.0
  outer loop
   vertex 0.0 1.0000000036274937e-18 0.005
   vertex -0.010410171508789062 -0.0013705250024795533 0.005
   vertex -0.010340481758117677 -0.00182330584526062 0.005
  endloop
 endfacet
 facet normal 0.0 0.0 1.0
  outer loop
   vertex 0.0 1.0000000036274937e-18 0.005
   vertex -0.010340481758117677 -0.00182330584526062 0.005
   vertex -0.010251108169555665 -0.002272615909576416 0.005
  endloop
 endfacet
 facet normal 0.0 0.0 1.0
  outer loop
   vertex 0.0 1.0000000036274937e-18 0.005
   vertex -0.010251108169555665 -0.002272615909576416 0.005
   vertex -0.010142221450805664 -0.002717599868774414 0.005
  endloop
 endfacet
 facet normal 0.0 0.0 1.0
  outer loop
   vertex 0.0 1.0000000036274937e-18 0.005
   vertex -0.010142221450805664 -0.002717599868774414 0.005
   vertex -0.01001402759552002 -0.0031574108600616454 0.005
  endloop
 endfacet
 facet normal 0.0 0.0 1.0
  outer loop
   vertex 0.0 1.0000000036274937e-18 0.005
   vertex -0.01001402759552002 -0.0031574108600616454 0.005
   vertex -0.009866772651672363 -0.0035912115573883056 0.005
  endloop
 endfacet
 facet normal 0.0 0.0 1.0
  outer loop
   vertex 0.0 1.0000000036274937e-18 0.005
   vertex -0.009866772651672363 -0.0035912115573883056 0.005
   vertex -0.009700735092163086 -0.004018176078796387 0.005
  endloop
 endfacet
 facet normal 0.0 0.0 1.0
  outer loop
   vertex 0.0 1.0000000036274937e-18 0.005
   vertex -0.009700735092163086 -0.004018176078796387 0.005
   vertex -0.009516231536865235 -0.00443749189376831 0.005
  endloop
 endfacet
 facet normal 0.0 0.0 1.0
  outer loop
   vertex 0.0 1.0000000036274937e-18 0.005
   vertex -0.009516231536865235 -0.00443749189376831 0.005
   vertex -0.009313613891601564 -0.004848360538482666 0.005
  endloop
 endfacet
 facet normal 0.0 0.0 1.0
  outer loop
   vertex 0.0 1.0000000036274937e-18 0.005
   vertex -0.009313613891601564 -0.004848360538482666 0.005
   vertex -0.009093266487121582 -0.00525 0.005
  endloop
 endfacet
 facet normal 0.0 0.0 1.0
  outer loop
   vertex 0.0 1.0000000036274937e-18 0.005
   vertex -0.009093266487121582 -0.00525 0.005
   vertex -0.008855609893798829 -0.005641645908355713 0.005
  endloop
 endfacet
 facet normal 0.0 0.0 1.0
  outer loop
   vertex 0.0 1.0000000036274937e-18 0.005
   vertex -0.008855609893798829 -0.005641645908355713 0.005
   vertex -0.008601096153259278 -0.006022552490234375 0.005
  endloop
 endfacet
 facet normal 0.0 0.0 1.0
  outer loop
   vertex 0.0 1.0000000036274937e-18 0.005
   vertex -0.008601096153259278 -0.006022552490234375 0.005
   vertex -0.008330209732055664 -0.006391994953155518 0.005
  endloop
 endfacet
 facet normal 0.0 0.0 1.0
  outer loop
   vertex 0.0 1.0000000036274937e-18 0.005
   vertex -0.008330209732055664 -0.006391994953155518 0.005
   vertex -0.008043466567993164 -0.006749269962310791 0.005
  endloop
 endfacet
 facet normal 0.0 0.0 1.0
  outer loop
   vertex 0.0 1.0000000036274937e-18 0.005
   vertex -0.008043466567993164 -0.006749269962310791 0.005
   vertex -0.0077414121627807616 -0.007093697071075439 0.005
  endloop
 endfacet
 facet normal 0.0 0.0 1.0
  outer loop
   vertex 0.0 1.0000000036274937e-18 0.005
   vertex -0.0077414121627807616 -0.007093697071075439 0.005
   vertex -0.007424621105194092 -0.007424621105194092 0.005
  endloop
 endfacet
 facet normal 0.0 0.0 1.0
  outer loop
   vertex 0.0 1.0000000036274937e-18 0.005
   vertex -0.007424621105194092 -0.007424621105194092 0.005
   vertex -0.007093697071075439 -0.0077414121627807616 0.005
  endloop
 endfacet
 facet normal 0.0 0.0 1.0
  outer loop
   vertex 0.0 1.0000000036274937e-18 0.005
   vertex -0.007093697071075439 -0.0077414121627807616 0.005
   vertex -0.006749269962310791 -0.008043466567993164 0.005
  endloop
 endfacet
 facet normal 0.0 0.0 1.0
  outer loop
   vertex 0.0 1.0000000036274937e-18 0.005
   vertex -0.006749269962310791 -0.008043466567993164 0.005
   vertex -0.006391994953155518 -0.008330209732055664 0.005
  endloop
 endfacet
 facet normal 0.0 0.0 1.0
  outer loop
   vertex 0.0 1.0000000036274937e-18 0.005
   vertex -0.006391994953155518 -0.008330209732055664 0.005
   vertex -0.006022552490234375 -0.008601096153259278 0.005
  endloop
 endfacet
 facet normal 0.0 0.0 1.0
  outer loop
   vertex 0.0 1.0000000036274937e-18 0.005
   vertex -0.006022552490234375 -0.008601096153259278 0.005
   vertex -0.005641645908355713 -0.008855609893798829 0.005
  endloop
 endfacet
 facet normal 0.0 0.0 1.0
  outer loop
   vertex 0.0 1.0000000036274937e-18 0.005
   vertex -0.005641645908355713 -0.008855609893798829 0.005
   vertex -0.00525 -0.009093266487121582 0.005
  endloop
 endfacet
endsolid patch_1_0
